requestedKinematic xFocalXMin xFocalXMax xpFocalXMin xpFocalXMax yFocalXMin yFocalXMax ypFocalXMin ypFocalXMax yTarXMin yTarXMax xpTarXMin xpTarXMax ypTarXMin ypTarXMax deltaXMin deltaXMax w2XMin w2XMax q2XMin q2XMax xbjXMin xbjXMax
kin25-1		-45.0	45.0	-45.0	45.0	-30.0	30.0	-45.0	45.0	-3.5	3.5	-80.0	80.0	-40.0	40.0	-9.0	9.0	6.5	8.3	1.5	2.8	0.16	0.32
kin25-4		-45.0	45.0	-45.0	45.0	-30.0	30.0	-45.0	45.0	-3.5	3.5	-80.0	80.0	-40.0	40.0	-9.0	9.0	8.	11.5	2.0	4.5	0.16	0.38
kin36-1		-45.0	45.0	-45.0	45.0	-30.0	30.0	-45.0	45.0	-3.5	3.5	-80.0	80.0	-40.0	40.0	-9.0	9.0	5.0	7.2	2.0	4.0	0.26	0.47
kin36-2		-45.0	45.0	-45.0	45.0	-30.0	30.0	-45.0	45.0	-3.5	3.5	-80.0	80.0	-40.0	40.0	-9.0	9.0	4.3	7.8	1.9	4.1	0.15	0.7
kin36-2p		-45.0	45.0	-45.0	45.0	-30.0	30.0	-45.0	45.0	-3.5	3.5	-80.0	80.0	-40.0	40.0	-9.0	9.0	4.5	7.8	1.9	4.1	0.23	0.52
kin36-2pp	-45.0	45.0	-45.0	45.0	-30.0	30.0	-45.0	45.0	-3.5	3.5	-80.0	80.0	-40.0	40.0	-9.0	9.0	4.5	7.8	1.9	4.1	0.22	0.53
kin36-3		-45.0	45.0	-45.0	45.0	-30.0	30.0	-45.0	45.0	-2.5	2.5	-80.0	80.0	-40.0	40.0	-9.0	9.0	3.8	8.5	2.0	4.5	0.15	0.65
kin36-4		-45.0	45.0	-45.0	45.0	-30.0	30.0	-45.0	45.0	-3.5	3.5	-80.0	80.0	-40.0	40.0	-9.0	9.0	6.4	9.5	3.0	5.2	0.22	0.53
kin36-5		-45.0	45.0	-45.0	45.0	-30.0	30.0	-45.0	45.0	-3.5	3.5	-80.0	80.0	-40.0	40.0	-9.0	9.0	5.5	10.	2.5	5.8	0.23	0.55
kin36-5p		-45.0	45.0	-45.0	45.0	-30.0	30.0	-45.0	45.0	-3.5	3.5	-80.0	80.0	-40.0	40.0	-9.0	9.0	5.5	10.	2.5	5.8	0.23	0.55
kin36-6		-45.0	45.0	-45.0	45.0	-30.0	30.0	-45.0	45.0	-3.5	3.5	-80.0	80.0	-40.0	40.0	-9.0	9.0	8.7	12.5	4.0	6.0	0.23	0.47
kin50-0		-45.0	45.0	-45.0	45.0	-30.0	30.0	-45.0	45.0	-3.5	3.5	-80.0	80.0	-40.0	40.0	-9.0	9.0	3.2	5.7	2.6	4.3	0.35	0.65
kin50-0a		-45.0	45.0	-45.0	45.0	-30.0	30.0	-45.0	45.0	-3.5	3.5	-80.0	80.0	-40.0	40.0	-9.0	9.0	3.2	5.7	2.6	4.3	0.35	0.65
kin50-0b		-45.0	45.0	-45.0	45.0	-30.0	30.0	-45.0	45.0	-3.5	3.5	-80.0	80.0	-40.0	40.0	-9.0	9.0	3.2	5.7	2.4	4.3	0.35	0.65
kin50-1		-45.0	45.0	-45.0	45.0	-30.0	30.0	-45.0	45.0	-3.5	3.5	-80.0	80.0	-40.0	40.0	-9.0	9.0	2.5	6.5	2.4	4.5	0.25	0.75
kin50-1p		-45.0	45.0	-45.0	45.0	-30.0	30.0	-45.0	45.0	-3.5	3.5	-80.0	80.0	-40.0	40.0	-9.0	9.0	2.5	6.5	2.0	4.5	0.25	0.75
kin50-2		-45.0	45.0	-45.0	45.0	-30.0	30.0	-45.0	45.0	-3.5	3.5	-80.0	80.0	-40.0	40.0	-9.0	9.0	2.2	7.0	2.0	5.0	0.25	0.75
kin50-2p		-45.0	45.0	-45.0	45.0	-30.0	30.0	-45.0	45.0	-3.5	3.5	-80.0	80.0	-40.0	40.0	-9.0	9.0	2.2	7.2	2.0	5.0	0.25	0.75
kin50-2pp	-45.0	45.0	-45.0	45.0	-30.0	30.0	-45.0	45.0	-3.5	3.5	-80.0	80.0	-40.0	40.0	-9.0	9.0	2.2	7.2	2.0	5.0	0.25	0.75
kin50-3p		-45.0	45.0	-45.0	45.0	-30.0	30.0	-45.0	45.0	-3.5	3.5	-80.0	80.0	-40.0	40.0	-9.0	9.0	3.3	8.5	2.8	8.0	0.28	0.72
kin50-3pp	-45.0	45.0	-45.0	45.0	-30.0	30.0	-45.0	45.0	-3.5	3.5	-80.0	80.0	-40.0	40.0	-9.0	9.0	3.0	8.6	3.2	8.0	0.28	0.72
kin50-4		-45.0	45.0	-45.0	45.0	-30.0	30.0	-45.0	45.0	-3.5	3.5	-80.0	80.0	-40.0	40.0	-9.0	9.0	3.5	8.5	3.2	8.5	0.3	0.68
kin60-1		-45.0	45.0	-45.0	45.0	-30.0	30.0	-45.0	45.0	-5.0	5.0	-80.0	80.0	-40.0	40.0	-9.0	9.0	3.3	5.7	4.0	7.0	0.45	0.72
kin60-2		-45.0	45.0	-45.0	45.0	-30.0	30.0	-45.0	45.0	-3.5	3.5	-80.0	80.0	-40.0	40.0	-9.0	9.0	2.4	6.5	3.8	7.0	0.40	0.80
kin60-2p		-45.0	45.0	-45.0	45.0	-30.0	30.0	-45.0	45.0	-3.5	3.5	-80.0	80.0	-40.0	40.0	-9.0	9.0	2.4	6.5	3.8	7.5	0.40	0.80
kin60-2b		-45.0	45.0	-45.0	45.0	-30.0	30.0	-45.0	45.0	-3.5	3.5	-80.0	80.0	-40.0	40.0	-9.0	9.0	2.4	6.5	3.8	7.5	0.40	0.80
kin60-3		-45.0	45.0	-45.0	45.0	-30.0	30.0	-45.0	45.0	-3.5	3.5	-80.0	80.0	-40.0	40.0	-9.0	9.0	1.8	7.0	3.5	10	0.35	0.87
kin60-3p		-45.0	45.0	-45.0	45.0	-30.0	30.0	-45.0	45.0	-3.5	3.5	-80.0	80.0	-40.0	40.0	-9.0	9.0	1.8	7.0	3.5	10	0.35	0.87
kin60-3a		-45.0	45.0	-45.0	45.0	-30.0	30.0	-45.0	45.0	-3.5	3.5	-80.0	80.0	-40.0	40.0	-9.0	9.0	1.8	7.0	3.5	10	0.35	0.87
kin60-3b		-45.0	45.0	-45.0	45.0	-30.0	30.0	-45.0	45.0	-3.5	3.5	-80.0	80.0	-40.0	40.0	-9.0	9.0	1.8	7.0	3.5	10	0.35	0.87
kin60-4a		-45.0	45.0	-45.0	45.0	-30.0	30.0	-45.0	45.0	-3.5	3.5	-80.0	80.0	-40.0	40.0	-9.0	9.0	2.6	7.8	4.2	5.9	0.37	0.82
kin60-4b		-45.0	45.0	-45.0	45.0	-30.0	30.0	-45.0	45.0	-3.5	3.5	-80.0	80.0	-40.0	40.0	-9.0	9.0	2.6	7.8	4.2	5.9	0.37	0.82